Asus 8192 1 7978
Asus 2048 3 15460
Huawei 1536 1 10096
Asus 9216 4 2446
Asus 3584 3 12115
Samsung 3584 5 12906
Xiaomi 11776 4 8708
Asus 2560 5 2742
Samsung 3584 5 3520
Lenovo 6144 1 11382
Lenovo 9728 1 18036
Asus 4096 4 7388
Xiaomi 7168 4 2182
Lenovo 1536 2 6178
Asus 2048 3 7660
Huawei 15360 2 3504
Asus 9728 4 9257
Xiaomi 10752 4 2444
Asus 10240 2 7819
Samsung 12800 3 6368
Samsung 9728 5 9943
Lenovo 13824 3 17931
Huawei 7168 3 12514
Asus 15872 3 10444
Lenovo 2560 3 15267
Samsung 3072 1 1991
Xiaomi 4096 5 1975
Samsung 5120 5 13692
Asus 7680 3 19795
Huawei 11264 4 12792
Asus 14848 5 7082
Asus 15872 1 18782
Lenovo 7168 4 6095
Huawei 3584 5 5936
Xiaomi 13824 5 17746
Samsung 3584 4 16474
Huawei 7680 3 4983
Xiaomi 5632 5 9247
Huawei 13312 4 4896
Huawei 7680 1 2815
Asus 14336 2 7103
Samsung 10240 5 14224
Huawei 10240 1 15947
Samsung 4608 4 11575
Xiaomi 10752 4 7330
Xiaomi 14848 5 7306
Asus 6144 1 5166
Xiaomi 14848 1 14522
Asus 6144 3 8646
Xiaomi 10240 5 19533
Lenovo 5632 4 19043
Lenovo 1536 2 12609
Huawei 12800 3 10014
Asus 8192 2 10711
Asus 10240 4 4082
Huawei 3584 2 10358
Huawei 12288 4 9960
Xiaomi 6144 4 13027
Samsung 9216 2 13359
Lenovo 13824 5 17488
Asus 9216 3 1611
Asus 2560 4 13472
Samsung 1024 2 2806
Huawei 8704 3 14413
Xiaomi 3584 1 15851
Asus 13312 3 8637
Lenovo 9728 4 11360
Xiaomi 2560 2 4148
Samsung 9728 2 2074
Huawei 12800 1 1114
Lenovo 15872 3 2218
Huawei 15360 4 2787
Samsung 15872 3 4595
Xiaomi 2560 4 17326
Huawei 2048 4 19917
Asus 5632 5 8208
Lenovo 6656 1 12735
Huawei 11776 2 13151
Samsung 12800 1 3575
Huawei 1536 1 2529
Samsung 5632 5 16508
Asus 11264 5 8284
Xiaomi 7680 1 8912
Huawei 8192 2 2112
Xiaomi 4608 5 19969
Huawei 8704 3 8386
Samsung 9216 1 2145
Xiaomi 15360 1 13874
Xiaomi 13312 5 19759
Lenovo 4608 4 12640
Samsung 9728 2 9239
Huawei 6656 1 19602
Asus 2048 3 1963
Xiaomi 8704 4 5227
Asus 13824 4 12024
Lenovo 7168 5 17851
Xiaomi 14336 3 8493
Xiaomi 7680 2 13399
Xiaomi 12288 2 16069
