Samsung 5632 3 17732
Samsung 15872 5 15576
Xiaomi 9216 3 4924
Samsung 15360 2 1838
Xiaomi 7168 3 6148
Huawei 3584 4 5559
Samsung 1536 1 1422
Lenovo 13312 1 3327
Xiaomi 6144 5 16386
Huawei 8192 1 17222
Xiaomi 1536 5 16623
Samsung 11776 3 19339
Lenovo 1024 3 16064
Lenovo 8704 2 4539
Asus 6144 5 7365
Xiaomi 3072 5 14371
Xiaomi 5632 1 3287
Xiaomi 11776 3 9523
Asus 12288 3 17480
Lenovo 1024 3 8744
Asus 10752 1 3130
Samsung 10752 3 4817
Xiaomi 6656 4 17555
Xiaomi 9216 2 17209
Huawei 1024 1 19890
Samsung 2048 1 10640
Huawei 5632 5 2740
Samsung 6656 2 6522
Lenovo 1536 1 15764
Asus 1536 4 3613
Samsung 11776 2 14568
Xiaomi 15360 2 2323
Asus 2048 4 17789
Samsung 9216 2 10651
Huawei 12800 1 13799
Xiaomi 2048 5 2467
Samsung 1024 3 2985
Asus 6144 1 1264
Lenovo 10752 5 7704
Asus 9216 1 19715
Samsung 7168 5 17424
Samsung 14848 2 17094
Xiaomi 4608 5 2934
Samsung 9728 5 10761
Lenovo 7680 4 14347
Lenovo 8192 4 7129
Samsung 5632 2 9233
Samsung 14336 5 17939
Huawei 7680 5 17948
Asus 11264 3 11977
Samsung 2560 2 6909
Asus 2560 5 17345
Lenovo 7680 4 8075
Samsung 5120 1 7890
Asus 1024 5 18797
Asus 6144 3 12460
Huawei 2560 2 5453
Huawei 4608 1 7930
Asus 12800 3 3231
Huawei 8704 3 15220
Asus 1536 5 6704
Lenovo 10240 2 13861
Lenovo 10752 4 17738
Asus 15872 2 9898
Lenovo 14848 3 2783
Asus 8704 3 15927
Huawei 13824 2 9225
Lenovo 15872 1 18770
Asus 7168 3 18204
Samsung 12288 2 18941
Xiaomi 2048 5 16729
Lenovo 13824 4 7799
Samsung 6144 2 14542
Xiaomi 4096 4 10950
Lenovo 2560 4 11699
Huawei 14336 2 17771
Xiaomi 11776 5 7487
Samsung 6144 2 13076
Huawei 13312 5 3863
Lenovo 12800 1 13223
Xiaomi 1536 3 8011
Huawei 3584 4 8808
Lenovo 9216 5 4115
Xiaomi 15360 4 5208
Asus 13312 1 9025
Huawei 14336 2 10156
Huawei 2560 5 15423
Asus 3072 3 12448
Huawei 7680 3 17066
Lenovo 8192 1 6546
Huawei 15360 4 18513
Lenovo 12288 1 2588
Lenovo 14848 2 15051
Lenovo 9728 1 6861
Huawei 10752 2 13150
Samsung 14848 4 6720
Xiaomi 14336 5 5984
Lenovo 9728 1 16065
Asus 4608 3 15471
Asus 5120 5 11670
